9px 3px 0 0 rgba(253,103,212,1), 12px 3px 0 0 rgba(253,103,212,1), 24px 3px 0 0 rgba(253,103,212,1), 27px 3px 0 0 rgba(253,103,212,1), 6px 6px 0 0 rgba(253,103,212,1), 9px 6px 0 0 #ffcdd2, 12px 6px 0 0 #ffcdd2, 15px 6px 0 0 rgba(253,103,212,1), 21px 6px 0 0 rgba(253,103,212,1), 24px 6px 0 0 #ffcdd2, 27px 6px 0 0 #ffcdd2, 30px 6px 0 0 rgba(253,103,212,1), 3px 9px 0 0 rgba(253,103,212,1), 6px 9px 0 0 #ffcdd2, 9px 9px 0 0 rgba(253,163,212,1), 12px 9px 0 0 rgba(253,163,212,1), 15px 9px 0 0 rgba(253,163,212,1), 18px 9px 0 0 rgba(253,103,212,1), 21px 9px 0 0 rgba(253,163,212,1), 24px 9px 0 0 rgba(253,163,212,1), 27px 9px 0 0 rgba(253,163,212,1), 30px 9px 0 0 #ffcdd2, 33px 9px 0 0 rgba(253,103,212,1), 3px 12px 0 0 rgba(253,103,212,1), 6px 12px 0 0 rgba(253,163,212,1), 9px 12px 0 0 rgba(253,163,212,1), 12px 12px 0 0 #9c27b0, 15px 12px 0 0 rgba(253,163,212,1), 18px 12px 0 0 rgba(253,103,212,1), 21px 12px 0 0 rgba(253,163,212,1), 24px 12px 0 0 #9c27b0, 27px 12px 0 0 rgba(253,163,212,1), 30px 12px 0 0 rgba(253,163,212,1), 33px 12px 0 0 rgba(253,103,212,1), 6px 15px 0 0 rgba(253,103,212,1), 9px 15px 0 0 rgba(253,163,212,1), 12px 15px 0 0 rgba(253,163,212,1), 15px 15px 0 0 rgba(253,103,212,1), 18px 15px 0 0 #ffeb3b, 21px 15px 0 0 rgba(253,103,212,1), 24px 15px 0 0 rgba(253,163,212,1), 27px 15px 0 0 rgba(253,163,212,1), 30px 15px 0 0 rgba(253,103,212,1), 9px 18px 0 0 rgba(253,103,212,1), 12px 18px 0 0 rgba(253,103,212,1), 15px 18px 0 0 #ffeb3b, 18px 18px 0 0 #ffc107, 21px 18px 0 0 #ffeb3b, 24px 18px 0 0 rgba(253,103,212,1), 27px 18px 0 0 rgba(253,103,212,1), 6px 21px 0 0 rgba(253,103,212,1), 9px 21px 0 0 #ffcdd2, 12px 21px 0 0 rgba(253,163,212,1), 15px 21px 0 0 rgba(253,103,212,1), 18px 21px 0 0 #ffeb3b, 21px 21px 0 0 rgba(253,103,212,1), 24px 21px 0 0 rgba(253,163,212,1), 27px 21px 0 0 #ffcdd2, 30px 21px 0 0 rgba(253,103,212,1), 3px 24px 0 0 rgba(253,103,212,1), 6px 24px 0 0 #ffcdd2, 9px 24px 0 0 rgba(253,163,212,1), 12px 24px 0 0 #9c27b0, 15px 24px 0 0 rgba(253,163,212,1), 18px 24px 0 0 rgba(253,103,212,1), 21px 24px 0 0 rgba(253,163,212,1), 24px 24px 0 0 #9c27b0, 27px 24px 0 0 #ffcdd2, 30px 24px 0 0 #ffcdd2, 33px 24px 0 0 rgba(253,103,212,1), 3px 27px 0 0 rgba(253,103,212,1), 6px 27px 0 0 #ffcdd2, 9px 27px 0 0 rgba(253,163,212,1), 12px 27px 0 0 rgba(253,163,212,1), 15px 27px 0 0 rgba(253,163,212,1), 18px 27px 0 0 rgba(253,103,212,1), 21px 27px 0 0 rgba(253,163,212,1), 24px 27px 0 0 rgba(253,163,212,1), 27px 27px 0 0 rgba(253,163,212,1), 30px 27px 0 0 #ffcdd2, 33px 27px 0 0 rgba(253,103,212,1), 6px 30px 0 0 rgba(253,103,212,1), 9px 30px 0 0 rgba(253,163,212,1), 12px 30px 0 0 rgba(253,163,212,1), 15px 30px 0 0 rgba(253,103,212,1), 21px 30px 0 0 rgba(253,103,212,1), 24px 30px 0 0 rgba(253,163,212,1), 27px 30px 0 0 rgba(253,163,212,1), 30px 30px 0 0 rgba(253,103,212,1), 9px 33px 0 0 rgba(253,103,212,1), 12px 33px 0 0 rgba(253,103,212,1), 24px 33px 0 0 rgba(253,103,212,1), 27px 33px 0 0 rgba(253,103,212,1)